//
// This file defines all adjustments for all known positions of each shelf
//
// This file defines minor adjustments, in millimeters, to the positions
// contained in the Positions.txt file.  It can be edited by hand, or is also
// updated by commands from within the software.  This provides for tuning and
// calibration of the surface without having to adust the primary coordinate
// file.  Additionally, adjustments can be made on-the-fly while the software
// is operational.  The syntax is basically the same as the Positions.txt file,
// except that each line defines the relative offset, rather than the absolute
// position.
//

#D2 0.0 0.0 0.0 0.0 0.0 0.0
0 0.000 0.157 -0.079 -3.000 0.000 -3.000
1 0.079 0.118 -0.157 -3.000 0.000 -3.000
2 0.079 -0.039 -0.118 -2.000 0.000 -3.000
3 -0.039 -0.079 -0.157 -3.000 0.000 -3.000
4 0.000 -0.079 -0.157 -3.000 0.000 -3.000
5 0.039 -0.039 -0.118 -3.000 0.000 -3.000

#CPL 0.0 0.0 0.0 0.0 0.0 0.0
0 -0.177 -0.079 0.000 0.000 0.000 1.000
1 0.236 -0.039 -0.197 -2.000 0.000 3.000
21 0.000 0.000 -0.157 -2.000 0.000 3.000
20 -0.040 -0.039 0.000 -1.000 0.000 3.000
10 0.039 -0.079 0.000 0.000 0.000 1.000
11 0.039 0.000 -0.157 -2.000 0.000 3.000
31 -0.157 0.118 -0.197 -2.000 0.000 2.000
30 -0.079 0.000 0.000 -2.000 0.000 2.000

#SAFEL 0.0 0.0 0.0 0.0 0.0 0.0
0 0.000 3.740 0.000 -3.000 -65.000 0.000

#D1 0.0 0.0 0.0 0.0 0.0 0.0
0 0.039 -0.039 0.000 -3.000 0.000 2.000
1 0.039 -0.078 0.000 -2.000 0.000 0.000
2 0.039 0.039 -0.079 -3.000 0.000 0.500
3 0.079 0.079 -0.039 -3.000 0.000 0.000
4 0.276 0.000 0.000 -2.000 0.000 0.000
5 0.255 -0.020 0.000 -2.500 0.000 1.000

#CPR 0.0 0.0 0.0 0.0 0.0 0.0
34 0.020 -0.000 0.039 -1.000 0.000 3.000
3 0.118 0.000 -0.236 -3.000 0.000 0.000
33 -0.039 0.157 -0.118 -3.000 0.000 1.000
4 0.236 -0.157 -0.079 0.000 0.000 1.000
23 -0.039 0.118 -0.157 -3.000 0.000 1.000
24 0.000 0.000 0.039 0.000 0.000 3.000
13 0.000 0.079 -0.079 -2.000 0.000 0.500
14 0.000 0.000 0.000 0.000 0.000 3.000

#SAFER 0.0 0.0 0.0 0.0 0.0 0.0
0 0.000 3.740 0.000 0.000 65.000 0.000

#CPM 0.0 0.0 0.0 0.0 0.0 0.0
2 0.000 0.000 0.000 0.000 0.000 0.000
32 -0.079 0.000 0.000 -2.000 0.000 0.000
22 -0.079 0.000 0.000 -3.000 0.000 0.000
12 0.000 0.000 0.000 0.000 0.000 0.000
