#1c6ebfc0ca376de026fa97aa2e0633b4
30000 2000 0.0 0.0 559.0 -90.0 0.0 0.0
30000 2000 -3.9 140.5 201.4 87.0 90.0 1.0
30000 2000 -3.9 140.5 201.4 87.0 -0.2 1.0
30000 2000 -3.9 140.5 180.4 87.0 -0.2 1.0
30000 2000 -3.9 242.1 180.4 87.0 4.9 1.0
#f1b718212c729c0a33de39e881f76cae
30000 2000 -3.9 242.1 201.4 87.0 4.9 1.0
30000 2000 -3.9 140.5 201.4 87.0 -0.2 1.0
30000 2000 -3.9 140.5 201.4 87.0 90.0 1.0
30000 2000 241.0 55.2 29.2 88.0 20.0 2.0
30000 2000 241.0 55.2 29.2 88.0 55.9 2.0
30000 2000 330.8 -34.6 29.2 88.0 39.0 2.0
30000 2000 330.8 -34.6 8.9 88.0 39.0 2.0
#42b00536eb35a44005e1c906b60535ad
30000 2000 330.8 -34.6 29.2 88.0 39.0 2.0
30000 2000 241.0 55.2 29.2 88.0 55.9 2.0
30000 2000 241.0 55.2 29.2 88.0 20.0 2.0
30000 2000 -3.9 140.5 201.4 87.0 90.0 1.0
30000 2000 -3.9 140.5 201.4 87.0 -0.2 1.0
30000 2000 -3.9 242.1 201.4 87.0 4.9 1.0
30000 2000 -3.9 242.1 180.4 87.0 4.9 1.0
#9388403c41fdd8a5dbac714e800c6964
30000 2000 241.0 55.2 8.9 88.0 55.9 2.0
30000 2000 241.0 55.2 29.2 88.0 55.9 2.0
30000 2000 241.0 55.2 8.9 88.0 55.9 2.0
30000 2000 330.8 -34.6 8.9 88.0 39.0 2.0
#b28cf471ee0f96ad2dd41dfbe54d43d2
30000 2000 -3.9 140.5 180.4 87.0 -0.2 1.0
30000 2000 -3.9 140.5 201.4 87.0 -0.2 1.0
30000 2000 -3.9 140.5 180.4 87.0 -0.2 1.0
30000 2000 -3.9 242.1 180.4 87.0 4.9 1.0
