//
// This file defines all known positions in front of each shelf
//
// Each cabinet is defined with a '#CABINET_NAME' line, followed
// by a series of shelf positions.  A shelf position starts with
// the shelf id, following by three or six numbers.  The first three
// numbers identify the X Y and Z coordinates.  The following three
// numbers identify the PITCH YAW and ROLL.  If these last three are
// not specified, they will default to the last used value for the cabinet,
// or 0 0 0 if no prior value used.
//
#SAFER 0 0 0 0 0 0
0 6.0 11.0 12.0 90.0 0.0 90.0 

#SAFEL 0 0 0 0 0 0
0 -6.0 11.0 12.0 90.0 0.0 90.0 

#HOME 0 0 0 0 0 0
0 0.0 0.0 33.937 -90.0 0.0 0.0

#D1 0 0 0 0 0 0
0 9.8 1.7 5.125 90.0 55.9 90.0
1 9.8 1.7 7.875 90.0 55.9 90.0
2 9.8 1.7 10.625 90.0 55.9 90.0
3 9.8 1.7 13.375 90.0 55.9 90.0
4 9.8 1.7 16.125 90.0 55.9 90.0
5 9.8 1.7 18.875 90.0 55.9 90.0

#D2 0 0 0 0 0 0
0 -9.4 2.5 5.125 90.0 -56.0 90.0
1 -9.4 2.5 7.875 90.0 -56.0 90.0
2 -9.4 2.5 10.625 90.0 -56.0 90.0
3 -9.4 2.5 13.375 90.0 -56.0 90.0
4 -9.4 2.5 16.125 90.0 -56.0 90.0
5 -9.4 2.5 18.875 90.0 -56.0 90.0

#CPL 0 0 0 0 0 0
00 -11.0 6.25 6.25 90.0 60.4 90.0
10 -11.0 6.25 10.75 90.0 60.4 90.0
20 -11.0 6.25 15.25 90.0 60.4 90.0
30 -11.0 6.25 19.75 90.0 60.4 90.0
01 -5.5 6.25 6.25 90.0 41.3 90.0
11 -5.5 6.25 10.75 90.0 41.3 90.0
21 -5.5 6.25 15.25 90.0 41.3 90.0
31 -5.5 6.25 19.75 90.0 41.3 90.0

#CPM 0 0 0 0 0 0
02 0.0 6.25 6.25 90.0 -0.0 90.0
12 0.0 6.25 10.75 90.0 -0.0 90.0
22 0.0 6.25 15.25 90.0 -0.0 90.0
32 0.0 6.25 19.75 90.0 -0.0 90.0

#CPR 0 0 0 0 0 0
03 5.5 6.25 6.25 90.0 -41.3 90.0
13 5.5 6.25 10.75 90.0 -41.3 90.0
23 5.5 6.25 15.25 90.0 -41.3 90.0
33 5.5 6.25 19.75 90.0 -41.3 90.0
04 11.0 6.25 6.25 90.0 -60.4 90.0
14 11.0 6.25 10.75 90.0 -60.4 90.0
24 11.0 6.25 15.25 90.0 -60.4 90.0
34 11.0 6.25 19.75 90.0 -60.4 90.0
