//This is the position lookup table file.
//Inside this file, the XYZ position of each shelf on the CachePoint
//and Desktops are defined.
//
//Use "//" at the beginning of any comment. Each comment must be
//on its own line.
//
//Format:
//#<CabinetType>
//<coordinates for bottom shelf>
//<coordinates for second shelf>
//<etc>
#D1
200.0 200.0 200.0
#D2
#CPL
00 -11.0 6.25 6.25 90.0 60.4 90.0
10 -11.0 6.25 10.75 90.0 60.4 90.0
20 -11.0 6.25 15.25 90.0 60.4 90.0
30 -11.0 6.25 19.75 90.0 60.4 90.0
01 -5.5 6.25 6.25 90.0 41.3 90.0
11 -5.5 6.25 10.75 90.0 41.3 90.0
21 -5.5 6.25 15.25 90.0 41.3 90.0
31 -5.5 6.25 19.75 90.0 41.3 90.0
#CPM
02 0.0 6.25 6.25 90.0 -0.0 90.0
12 0.0 6.25 10.75 90.0 -0.0 90.0
22 0.0 6.25 15.25 90.0 -0.0 90.0
32 0.0 6.25 19.75 90.0 -0.0 90.0
#CPR
03 5.5 6.25 6.25 90.0 -41.3 90.0
13 5.5 6.25 10.75 90.0 -41.3 90.0
23 5.5 6.25 15.25 90.0 -41.3 90.0
33 5.5 6.25 19.75 90.0 -41.3 90.0
04 11.0 6.25 6.25 90.0 -60.4 90.0
14 11.0 6.25 10.75 90.0 -60.4 90.0
24 11.0 6.25 15.25 90.0 -60.4 90.0
34 11.0 6.25 19.75 90.0 -60.4 90.0