#c90730e26e1332ecbce06c0fe566e0af
-3.9 242.1 201.4 87.0 4.9 1.0 30000
-3.9 140.5 180.4 87.0 -0.2 1.0 30000
-3.9 140.5 180.4 87.0 90.0 1.0 30000
241.0 55.2 29.2 88.0 20.0 2.0 30000
241.0 55.2 29.2 88.0 55.9 2.0 30000
330.8 -34.6 29.2 88.0 39.0 2.0 30000
330.8 -34.6 8.9 88.0 39.0 2.0 30000
#ab729416ca22d426afb3a0b1f4cf8640
-3.9 242.1 201.4 87.0 4.9 1.0 10769
-3.9 140.5 180.4 87.0 -0.2 1.0 10769
-3.9 140.5 180.4 87.0 90.0 1.0 10769
241.0 55.2 29.2 88.0 20.0 2.0 3929
241.0 55.2 29.2 88.0 55.9 2.0 3929
330.8 -34.6 29.2 88.0 39.0 2.0 3929
330.8 -34.6 8.9 88.0 39.0 2.0 3929
#1da183f01c25de3381039d9b9848d67b
0.0 0.0 559.0 -90.0 0.0 0.0 10035
-3.9 140.5 201.4 87.0 90.0 1.0 10035
-3.9 140.5 180.4 87.0 -0.2 1.0 12001
-3.9 242.1 180.4 87.0 4.9 1.0 12001
#a1ed1e0b631ae2b3506c588666f820e0
0.0 0.0 559.0 -90.0 0.0 0.0 30000
-3.9 140.5 201.4 87.0 90.0 1.0 30000
-3.9 140.5 180.4 87.0 -0.2 1.0 30000
-3.9 242.1 180.4 87.0 4.9 1.0 30000
